Vehicle Routing Problem 1
278.98 0
0 12 15 10 9 11 1 0
0 5 4 13 14 6 0
0 7 8 3 2 0

Vehicle Routing Problem 2
617.33 0
0 3 0
0 12 8 9 11 0
0 10 25 4 2 0
0 23 1 6 14 0
0 24 18 22 0
0 20 21 13 16 0
0 19 15 0
0 5 7 17 0

Vehicle Routing Problem 3
624.87 0
0 18 47 5 38 34 50 16 46 0
0 21 29 36 35 20 3 28 31 22 2 32 0
0 6 14 25 13 40 19 41 42 44 0
0 12 37 15 49 9 30 10 39 33 45 17 4 0
0 11 1 48 8 26 7 43 24 23 27 0

Vehicle Routing Problem 4
1082.52 0
0 93 92 84 83 72 61 64 68 46 49 47 43 0
0 5 3 7 21 50 51 48 45 44 40 41 42 0
0 4 1 2 96 97 100 99 6 10 26 22 0
0 87 86 88 85 94 95 98 75 0
0 37 38 39 36 34 18 17 28 30 29 27 0
0 60 58 56 53 54 55 57 59 0
0 81 71 70 73 80 79 77 78 76 82 89 91 90 0
0 67 65 63 74 62 66 69 0
0 52 31 35 33 32 25 24 20 0
0 8 9 11 12 14 16 15 19 13 23 0

Vehicle Routing Problem 5
2571.98 0
0 85 159 160 131 32 13 100 119 193 6 0
0 156 112 183 94 99 174 175 11 107 194 0
0 135 164 34 9 12 87 144 178 57 38 140 92 0
0 95 59 37 151 5 182 167 147 96 89 0
0 154 29 25 170 67 186 15 14 141 132 65 136 78 0
0 42 192 86 17 113 16 125 44 191 98 61 60 199 18 0
0 103 161 188 102 4 155 198 180 40 0
0 28 138 109 68 129 169 81 120 35 71 20 122 101 0
0 166 83 118 52 190 128 51 196 195 163 24 0
0 146 58 152 7 48 123 19 181 66 30 69 0
0 127 70 62 49 168 47 124 36 45 91 142 43 172 115 137 117 0
0 72 75 39 110 80 121 134 108 189 126 64 143 46 84 173 0
0 53 104 93 97 105 150 184 116 185 33 157 50 76 27 0
0 111 79 158 177 21 139 165 130 22 133 2 73 145 41 0
0 8 114 82 148 10 90 63 88 153 106 31 162 176 1 0
0 171 74 197 179 54 77 3 55 187 23 56 149 26 0

Vehicle Routing Problem 6
3472.23 0
0 249 363 282 406 404 286 144 199 318 377 317 53 0
0 201 182 210 273 321 248 395 400 303 209 0
0 64 164 76 119 178 14 13 82 121 0
0 159 219 269 69 226 227 9 216 161 42 0
0 49 70 236 231 358 365 414 291 110 111 0
0 351 416 310 411 410 296 409 364 344 124 0
0 306 246 126 373 382 324 263 142 133 73 0
0 7 151 247 332 331 326 385 272 320 265 0
0 166 107 43 162 123 147 241 313 79 139 17 0
0 242 340 399 275 368 394 393 334 279 329 0
0 169 277 287 189 228 129 103 101 156 96 0
0 259 384 378 379 366 319 374 45 114 105 118 117 16 77 12 0
0 258 360 419 376 299 405 295 418 359 198 140 86 0
0 5 10 345 294 305 357 297 136 57 0
0 51 116 235 356 415 370 412 252 138 6 19 0
0 274 302 330 271 211 181 205 92 91 90 0
0 67 146 202 322 264 372 371 375 194 59 52 0
0 338 339 278 68 87 27 1 61 0
0 29 41 4 97 229 284 130 176 174 185 0
0 337 283 276 243 369 403 309 348 336 281 48 0
0 32 261 26 200 253 83 66 24 20 0
0 145 25 74 75 71 239 245 55 115 56 0
0 312 300 171 250 350 190 290 0
0 3 89 113 180 134 292 352 238 232 58 0
0 230 184 154 268 270 212 84 240 233 72 0
0 390 391 387 307 367 392 362 155 95 28 0
0 65 112 125 165 54 36 128 149 0
0 197 315 311 316 417 256 314 293 122 150 81 0
0 100 40 33 170 289 349 288 342 341 160 333 388 0
0 137 257 186 204 224 402 343 401 280 215 158 109 47 0
0 85 267 266 361 11 135 173 23 80 21 0
0 397 346 167 407 408 347 168 221 183 63 38 0
0 355 354 191 196 285 175 50 157 106 98 0
0 172 15 353 254 413 195 131 179 237 177 60 0
0 141 207 206 260 193 18 120 132 192 78 420 0
0 386 327 187 127 152 328 153 208 39 88 0
0 30 93 2 62 31 22 0
0 143 262 203 323 383 380 325 301 44 46 37 0
0 148 381 308 335 34 255 251 298 225 234 0
0 104 304 244 223 396 389 398 222 163 102 0
0 217 108 99 218 220 188 214 213 94 8 35 0