Facility Location Problem 1
3269821.3205308816 0
7 7 7 7 7 7 6 7 7 7 10 7 7 7 7 7 7 6 7 7 7 7 7 7 7 7 21 7 7 7 7 7 7 16 7 7 11 6 7 7 7 7 7 7 7 7 7 7 7 7

Facility Location Problem 2
3732793.43377155 0
28 24 19 25 14 15 34 3 9 24 35 42 41 24 49 3 16 26 43 45 45 41 9 34 9 13 19 8 38 24 24 7 9 25 31 33 28 9 28 25 38 40 35 7 2 19 40 25 41 9 34 44 41 18 35 5 9 31 14 35 31 35 44 43 9 4 8 14 25 45 28 33 41 39 42 6 8 35 6 24 40 47 31 24 31 24 24 45 34 9 7 2 5 39 25 35 24 40 31 3 47 6 39 16 31 44 2 16 9 13 8 9 47 35 15 24 43 25 42 16 35 28 34 35 13 5 8 35 18 11 38 39 43 41 47 44 9 41 9 38 38 28 19 9 28 28 42 41 47 9 35 38 29 8 45 49 16 25 26 31 38 5 49 10 7 40 44 29 34 10 2 41 13 31 40 28 35 49 44 33 4 2 16 47 28 9 3 31 11 16 31 25 5 42 13 31 8 40 44 45"""

Facility Location Problem 3
1965.5544969883028 0
70 70 70 70 70 70 70 70 70 70 70 70 70 70 70 70 70 70 70 70 70 70 70 70 70 70 70 70 70 70 70 70 70 70 70 70 70 70 70 70 70 70 70 70 70 70 70 70 70 70 70 70 70 70 70 70 70 70 70 70 70 70 70 70 70 70 70 70 70 70 70 70 70 70 70 70 70 70 70 70 70 70 70 70 70 70 70 70 70 70 70 70 70 70 70 70 70 70 70 70"""

Facility Location Problem 4
22724275.400464036 0
19 68 64 56 64 34 51 51 51 68 19 64 19 64 51 68 34 51 64 68 51 51 56 64 51 51 68 51 34 51 56 68 19 19 48 48 48 56 51 51 48 19 64 56 56 51 51 19 48 56 51 64 51 51 64 64 51 19 19 51 51 56 68 34 51 19 51 48 51 19 51 34 51 64 48 51 68 34 51 64 34 19 34 19 51 56 56 56 48 51 51 34 64 19 19 19 56 51 64 51 64 19 51 68 51 51 19 68 68 19 64 51 51 56 51 48 51 68 51 64 68 51 51 56 64 19 56 48 51 51 48 56 51 51 51 34 51 48 48 19 51 56 51 56 68 68 68 51 64 51 68 51 51 34 51 19 51 51 51 51 51 51 51 48 68 64 34 19 64 51 48 48 51 19 34 51 51 56 34 64 48 34 64 56 51 19 51 68 34 56 51 48 68 68 51 51 51 34 51 51 51 51 19 51 68 56 64 48 51 34 51 19 51 51 64 68 64 19 19 68 68 68 56 48 34 51 51 19 64 51 64 64 19 56 51 48 51 56 51 51 68 34 68 34 64 68 34 64 64 51 56 51 34 51 34 51 51 51 56 51 19 48 51 56 19 51 48 48 19 56 56 19 48 51 51 56 64 64 48 51 68 48 19 19 34 64 51 34 56 19 48 51 51 19 51 48 51 68 51 56 34 56 56 64 56 34 19 64 34 48 51 68 34 56 56 51 34 64 56 51 68 48 51 51 19 51 64 51 19 51 48 48 51 51 51 34 51 64 68 64 51 51 51 68 64 48 19 64 51 34 51 51 56 68 51 51 48 51 19 51 48 51 56 68 51 51 56 19 51 51 51 64 51 56 51 51 68 51 68 68 51 51 68 64 48 64 51 19 51 56 51 51 19 19 51 64 56 34 56 34 64 19 51 51 64 34 48 51 51 19 64 51 64 68 51 51 48 48 51 64 68 51 51 56 64 64 48 68 51 51 56 51 51 56 19 51 19 51 56 64 51 34 48 48 51 64 51 51 56 68 64 51 56 64 68 34 51 64 51 34 51 51 56 51 68 51 51 34 51 19 48 56 34 51 19 64 64 48 68 68 51 56 51 48 51 19 64 68 34 64 64 19 51 48 68 19 56 56 19 51 34 68 68 56 51 48 51 19 51 51 51 56 19 51 34 51 64 48 34 51 64 68 51 64 56 64 51 51 64 48 19 51 48 51 34 34 34 64 51 51 51 51 34 51 68 48 51 56 51 51 51 64 68 51 64 19 56 51 51 56 51 68 51 48 48 51 51 19 51 51 68 64 64 19 51 48 48 68 19 51 68 64 34 19 56 19 34 34 51 51 19 51 51 51 51 48 34 51 34 51 64 64 34 51 56 51 48 64 34 51 19 56 51 19 51 51 68 48 48 56 64 51 56 64 51 19 51 56 51 51 51 68 19 51 34 48 51 51 51 68 34 51 51 64 51 64 34 64 51 51 68 19 19 19 51 34 51 34 51 56 48 68 51 51 51 48 34 51 19 64 19 51 51 68 48 64 64 68 51 51 34 48 48 64 51 64 64 56 51 68 51 51 64 48 51 51 68 34 34 19 51 51 34 51 48 51 34 51 56 64 48 64 51 34 48 19 51 51 51 51 68 68 48 51 51 34 51 51 34 64 68 51 68 51 64 34 68 64 51 19 51 51 56 68 68 19 19 64 19 34 48 64 51 34 64 19 56 64 51 51 64 51 51 19 56 64 19 51 48 34 51 48 19 51 51 56 56 51 51 51 51 51 64 51 51 48 51 51 19 51 34 51 68 56 51 51 56 48 19 19 51 34 51 51 19 64 19 48 56 51 48 68 48 64 64 48 51 48 64 68 56 51 56 64 56 34 34 51 68 19 64 51 64 48 51 64 64 51 64 51 51 68 48 64 64 64 51 56 48 68 51 56 51 51 34 51 51 19 51 19 51 56 68 64 64 19 51 64 48 51 51 51 48 51 51 68 64 64 48 68 19 51 64 64 51 48 51 51 51 19 34 64 51 51 51 51 56 19 51 51 48 68 64 68 51 19 51 51 51 48 51 51 34 68 51 68 56 56 56 51 56 19 19 64 48 19 51 51 68 56 51 56 48 48 51 51 51 64 51 34 64 48 51 68 51 34 51 48 51 56 51 51 34 51 68 48 68 51 34 19 34 34 56 68 56 48 64 48 51 19 68 51 56 56 68 64 48 64 68 64 51 64 51 51 51 68 19 68 51 19 56 64 51 51 64 56 19 51 19 51"""

Facility Location Problem 5
4864845.259657397 0
155 0 132 66 76 33 116 120 6 161 167 121 35 98 176 135 99 127 35 46 60 85 139 192 167 169 95 118 51 56 68 180 72 175 3 28 20 157 120 199 108 49 151 175 142 35 114 27 123 30 133 18 4 157 90 99 162 3 160 118 183 167 3 26 51 9 25 25 90 198 18 162 146 82 60 118 101 70 159 30 123 132 57 92 9 71 83 62 2 20 18 30 139 98 85 33 141 94 162 90 113 108 149 119 46 118 175 192 69 173 144 99 34 120 28 30 160 33 139 69 58 165 185 185 0 171 180 192 6 197 66 6 76 4 123 155 98 66 49 18 105 60 136 133 69 32 140 3 119 4 142 92 197 160 0 113 176 22 146 83 165 101 160 123 118 32 121 27 56 4 151 135 83 85 49 32 22 185 45 95 167 27 60 94 199 139 177 177 151 151 118 100 178 60 49 26 35 100 185 123 144 68 27 119 176 183 136 82 21 173 121 102 43 25 68 94 4 108 32 116 92 72 175 28 99 62 32 134 60 186 55 177 32 2 160 102 99 6 94 159 188 133 123 118 167 58 100 95 100 105 197 45 151 35 45 133 134 134 172 90 89 9 186 152 101 28 186 144 56 30 198 85 126 153 126 173 4 98 21 132 119 34 137 161 162 45 127 2 100 116 113 123 56 114 58 0 157 167 189 152 151 70 20 21 113 52 159 46 70 76 18 120 175 26 55 197 26 169 157 137 28 51 185 169 116 199 101 28 135 141 116 120 118 198 159 22 25 51 30 35 144 22 157 178 102 71 70 89 161 3 19 69 171 168 165 185 185 135 108 35 90 141 25 89 126 183 126 116 171 79 76 189 34 101 197 92 70 68 92 79 0 183 116 100 66 57 69 119 153 69 51 157 133 89 0 178 161 20 98 178 76 69 90 45 35 180 137 79 105 192 151 79 175 183 162 94 169 113 189 178 139 140 27 120 0 159 70 198 197 151 116 120 155 144 68 71 165 52 153 159 186 188 6 3 159 7 188 57 57 60 18 99 152 9 52 71 94 173 157 26 188 62 43 34 132 173 22 159 167 136 136 127 137 26 46 152 25 47 22 71 155 126 70 144 101 113 102 144 68 137 113 89 171 30 141 56 135 83 3 172 132 186 46 144 186 52 69 119 0 188 149 144 45 89 45 176 22 123 162 95 100 160 102 22 175 43 188 123 180 27 21 119 178 3 144 27 159 43 45 186 144 123 70 177 168 173 71 62 120 60 72 160 159 71 192 177 2 167 70 127 139 135 161 186 173 82 6 108 92 146 94 66 101 62 55 32 92 176 95 34 72 168 135 2 68 149 198 180 151 137 28 160 185 89 172 176 140 101 146 142 157 102 160 139 114 183 94 66 197 188 46 171 183 183 192 3 119 141 108 108 171 72 7 98 33 6 33 95 4 177 32 192 3 165 26 0 135 176 101 134 185 72 149 199 72 198 180 121 19 49 157 121 199 66 72 197 162 185 92 68 173 121 189 167 47 41 2 28 189 95 127 95 82 133 7 51 26 137 35 21 72 60 46 126 85 45 136 30 71 82 178 197 58 27 178 56 85 167 142 66 62 168 175 165 62 165 55 153 199 57 197 114 146 51 2 168 66 72 21 157 51 180 101 173 98 118 4 43 52 56 90 85 9 34 102 52 114 60 186 34 60 185 60 76 186 144 28 189 137 153 161 30 69 139 21 76 157 168 37 57 79 185 116 173 172 92 94 7 52 185 171 56 133 183 105 51 152 83 32 175 113 33 127 105 26 55 33 141 139 0 28 157 199 180 178 79 22 114 56 105"""

Facility Location Problem 6
32043826.22520961 0
131 150 169 195 88 13 239 76 427 387 167 330 342 246 277 222 366 326 157 170 75 477 187 483 378 292 194 330 484 427 228 190 402 453 190 186 34 39 124 9 214 490 51 470 338 335 343 44 276 256 127 308 5 482 372 48 98 48 200 9 128 434 366 44 278 167 239 50 326 187 104 241 6 222 9 10 117 91 38 207 50 359 119 110 144 190 82 162 445 442 388 390 482 124 363 381 488 150 152 431 450 34 67 31 142 498 224 390 21 45 273 299 489 381 242 73 221 490 337 129 72 289 248 138 399 224 453 169 384 355 80 45 75 394 229 215 443 121 374 384 170 110 348 234 69 333 9 10 44 198 80 10 418 50 3 394 410 152 256 234 440 141 343 449 150 399 233 483 36 166 388 299 326 44 53 43 128 223 44 187 378 181 399 177 120 257 421 80 354 202 82 8 123 163 239 73 98 9 11 100 483 449 343 423 38 7 106 43 65 157 491 344 305 320 114 31 127 294 94 446 340 438 205 74 249 225 214 412 260 3 65 38 37 470 225 69 94 94 39 337 366 117 372 82 411 189 6 363 382 403 93 430 52 98 454 48 22 82 480 355 483 52 366 163 180 180 324 32 37 355 93 170 195 73 221 194 50 308 276 219 13 308 124 141 450 308 322 371 296 263 408 70 230 430 320 458 223 363 296 342 128 147 41 309 170 200 161 11 322 162 5 355 326 324 162 18 377 141 309 458 254 142 403 64 76 390 276 490 44 221 93 364 144 438 429 261 160 35 203 72 156 9 342 219 424 429 344 9 238 335 10 26 429 321 355 163 190 100 403 324 128 117 216 162 10 100 207 390 450 289 75 368 264 414 488 449 295 200 158 443 181 485 467 335 180 155 399 411 221 157 470 330 14 80 156 215 278 228 200 498 153 187 80 37 187 478 342 346 91 100 223 253 142 335 155 490 276 364 100 374 106 98 147 354 371 77 422 221 167 7 253 98 233 43 359 330 374 160 342 5 448 422 482 190 422 152 432 203 0 467 130 74 130 422 95 106 381 51 261 246 121 144 343 72 157 371 194 276 200 39 13 246 91 96 357 205 26 6 320 189 63 136 340 256 12 84 39 424 369 289 429 218 177 180 330 432 130 344 112 48 18 163 477 69 483 367 482 63 38 91 181 31 326 162 294 22 357 477 44 241 67 170 464 30 445 214 342 43 321 404 414 95 253 431 370 273 11 210 469 161 449 167 260 382 22 402 106 113 367 44 371 390 13 150 215 73 117 152 234 448 357 63 458 326 216 60 137 221 335 429 260 233 360 264 260 483 458 94 155 234 449 355 30 195 343 357 219 84 388 263 77 186 322 261 144 60 5 357 170 424 353 16 368 218 11 18 366 371 388 69 120 8 278 100 423 411 189 433 381 362 95 110 218 22 43 150 39 32 60 189 150 69 379 378 6 84 75 186 256 263 422 295 421 371 234 373 15 193 414 239 421 7 152 488 214 488 147 289 236 170 75 60 404 7 230 139 67 353 129 235 354 180 217 364 480 305 381 119 322 367 308 91 294 371 163 84 3 257 189 321 187 230 144 272 10 340 37 130 305 228 254 123 233 427 241 48 142 207 427 8 256 246 82 320 430 233 6 157 5 477 149 104 189 408 234 177 215 37 7 381 294 112 6 106 225 160 170 37 60 363 482 235 280 414 284 235 294 346 119 278 0 295 84 153 278 215 485 144 353 9 142 34 368 65 198 368 130 333 384 354 333 10 305 357 73 16 41 88 381 498 215 253 264 260 434 37 257 235 238 31 399 205 39 453 469 280 221 419 39 120 214 382 218 52 446 485 228 388 195 430 381 337 367 216 467 106 498 173 438 357 372 10 239 72 343 64 237 335 445 96 338 446 197 233 257 292 493 121 186 442 418 440 43 200 142 215 340 470 458 261 470 197 411 390 453 446 123 110 84 276 187 343 344 21 129 422 493 377 158 124 337 296 0 39 296 197 150 3 246 488 360 21 424 340 359 65 75 84 130 16 295 295 431 360 73 3 215 411 92 470 186 235 98 123 448 277 153 141 157 387 156 170 187 277 130 340 125 186 216 238 230 205 57 67 343 467 173 114 153 0 422 442 414 163 138 202 230 45 485 85 69 431 152 360 173 124 32 237 263 200 119 93 215 22 363 498 414 202 6 363 43 198 450 96 490 161 37 186 369 357 273 369 142 371 48 31 364 490 138 458 217 37 443 55 34 114 272 127 161 382 35 207 498 180 203 13 94 343 308 335 72 477 229 75 477 218 30 241 254 483 356 60 202 240 169 464 142 34 437 167 0 477 60 223 35 186 254 5 321 97 391 284 34 125 382 353 418 460 308 374 100 294 418 125 163 10 357 470 60 448 280 98 39 296 355 371 333 348 11 197 371 13 340 404 142 289 217 379 359 370 240 3 56 277 124 278 150 16 205 16 498 142 408 364 93 367 46 477 299 21 294 442 120 93 257 0 493 97 387 75 22 156 104 453 387 496 222 450 254 114 464 256 493 238 273 52 489 387 360 163 488 344 84 256 80 147 384 229 181 320 346 85 330 106 156 344 93 69 276 117 422 10 200 246 422 38 50 155 430 362 214 292 197 234 424 0 186 227 202 198 233 458 275 355 38 419 202 403 224 12 342 225 259 195 470 209 5 114 371 377 76 294 357 60 394 207 442 205 408 338 117 467 67 214 387 480 366 162 31 147 354 470 445 74 67 113 35 157 128 38 390 477 333 186 342 421 110 378 244 254 22 365 275 490 395 272 221 106 225 9 117 326 170 241 52 368 95 157 12 80 414 340 340 214 153 207 496 299 431 384 217 483 194 489 390 296 368 470 363 340 93 257 419 273 242 419 205 15 394 431 136 157 238 9 65 128 221 449 7 321 110 355 387 129 216 214 31 491 113 218 187 404 424 228 305 255 95 80 121 423 432 355 429 342 488 124 493 121 100 363 364 498 469 284 209 170 41 482 305 128 453 214 74 66 256 338 98 261 360 186 41 313 35 286 342 294 32 337 239 434 362 120 121 189 330 333 382 321 320 98 248 72 322 450 253 498 92 430 67 391 374 162 239 458 161 84 390 330 422 357 10 162 493 120 205 276 52 255 67 382 11 427 193 422 230 321 394 390 205 394 256 480 14 170 261 150 130 411 273 110 453 162 427 144 224 445 432 163 305 200 114 488 382 489 381 335 394 186 73 273 3 404 70 200 419 215 464 445 106 369 322 128 187 485 411 280 230 222 234 129 156 162 106 141 8 299 230 458 432 369 340 324 254 5 193 170 100 496 173 11 113 263 69 408 218 10 66 253 343 216 357 7 360 434 482 498 95 138 76 374 21 111 21 198 173 491 419 124 22 53 98 490 3 256 322 446 458 26 246 7 91 38 430 41 438 263 74 443 260 120 324 292 374 16 360 3 51 69 125 450 96 348 155 255 219 449 147 264 364 292 205 120 490 152 257 280 464 10 320 246 364 120 65 117 63 411 241 223 299 308 418 377 242 141 374 388 326 121 422 93 353 253 173 241 39 335 295 41 418 73 187 144 273 215 488 166 181 374 237 84 273 5 443 468 421 260 241 239 305 147 263 161 138 43 163 308 161 442 280 93 0 241 363 445 402 411 218 333 489 321 253 276 50 81 129 477 93 257 354 147 248 48 482 162 31 66 429 458 295 391 365 296 369 207 294 412 48 45 498 340 113 371 382 272 238 216 30 238 450 371 91 130 263 264 95 374 50 22 34 202 225 390 366 7 305 263 10 81 449 97 347 482 321 354 16 381 354 377 467 219 215 181 394 216 484 388 124 369 445 488 248 277 203 202 388 287 273 129 363 120 94 45 65 74 73 60 442 342 434 92 480 434 246 308 0 205 84 73 296 97 346 181 362 321 249 217 368 249 381 81 110 94 335 80 292 236 92 421 63 162 150 155 296 16 276 152 484 75 100 292 26 50 369 355 194 217 138 362 112 485 427 477 402 32 200 371 488 221 150 244 248 388 229 320 322 256 276 363 93 160 100 320 219 181 496 70 170 464 56 378 190 423 186 394 76 221 82 253 11 203 353 35 155 226 388 342 218 488 360 123 119 485 453 167 299 228 256 322 85 233 276 162 469 364 369 367 223 97 130 411 277 317 60 113 217 379 124 223 390 66 248 12 408 309 278 198 104 348 446 239 432 7 384 485 50 48 498 367 52 6 271 354 239 467 187 308 15 119 276 162 489 0 467 257 418 104 353 489 74 98 70 31 295 249 469 238 3 193 44 95 430 230 119 408 214 61 189 157 15 498 366 235 31 180 64 225 408 363 241 177 34 483 155 483 38 123 93 98 219 320 197 355 221 150 63 65 367 322 97 10 238 173 218 424 470 214 218 261 155 80 399 487 257 11 491 411 14 296 65 166 77 205 93 363 240 207 207 432 390 427 496 16 464 226 173 128 100 411 237 123 299 353 326 260 308 411 419 152 77 37 368 377 219 94 364 190 66 404 373 21 202 480 296 216 180 100 382 226 60 141 12 353 41 123 114 223 338 296 35 404 482 189 13 80 81 224 342 384 292 113 335 434 254 170 333 241 354 216 254 374 88 44 434 198 39 187 82 73 44 51 215 8 91 442 369 207 80 333 180 63 321 384 170 360 57 249 330 343 430 335 488 162 249 402 496 354 0 70 48 233 342 296 219 234 488 177 246 321 305 32 5 445 163 3 12 31 379 480 123 461 142 371 367 368 346 254 260 367 195 399 161 216 210 338 121 94 233 364 193 353 423 259 390 11 150 482 41 411 367 63 399 460 446 246 128 418 240 205 207 41 98 276 13 128 246 121 372 23 432 119 97 95 374 480 128 153 469 6 104 97 402 76 26 272 66 81 152 387 162 130 464 434 411 124 359 70 160 80 7 218 453 152 80 456 98 153 15 255 453 284 162 202 326 308 110 388 228 272 333 50 419 214 403 141 153 374 284 458 427 343 190 37 402 237 402 469 0 9 340 371 289 144 357 432 8 363 240 129 193 18 114 147 158 442 489 193 223 64 403 74 200 13 34 215 432 464 248 82 100 382 423 377 450 448 198 35 129 308 224 81 96 305 70 366 355 482 53 275 257 246 13 367 88 85 8 219 308 219 88 91 200 173 235 37 186 249 367 384 10 384 150 467 295 155 321 450 340 123 119 141 489 469 97 74 38 394 284 81 340 202 81 219 35 263 399 445 18 69 335 260 130 77 8 239 261 284 294 430 50 202 94 15 485 260 321 152 280 157 153 190 399 21 387 8 223 411 449 421 369 330 30 152 324 344 377 423 218 130 112 205 388 158 430 66 391 480 330 296 422 200 295 113 217 163 39 418 382 340 433 215 222 359 248 84 100 257 119 403 121 123 320 82 394 390 63 322 181 482 395 13 21 424 445 6 147 382 200 470 434 399 97 443 228 305 195 157 445 263 482 482 418 218 119 163 21 427 197 21 367 335 410 82 289 292 442 65 453 113 70 295 402 284 403 239 214 219 280 223 195 193 367 41 186 366 275 141 228 3 272 22 73 320 498 95 402 424 430 113 82 378 234 74 198 369 399 253 394 43 483 424 422 195 66 121 35 120 60 76 150 335 32 364 65 320 147 280 117 289 333 373 73 153 292 223 427 114 124 241 123 448 180 381 260 443 289 359 284 443 75 449 450 98 52 470 372 431 127 446 142 442 157 32 346 254 296 296 106 123 162 423 141 95 366 280 144 483 342 127 450 253 261 113 127 246 91 246 160 221 155 97 256 200 205 346 402 215 91 248 321 246 155 12 254 22 272 12 253 248 186 273 408 296 366 113 190 187 295 186 81 438 210 295 190 66 120 372 324 493 123 60 326 70 295 230 207 144 141 0 121 117 450 82 73 97 391 235 95 369 11 52 224 259 464 37 264 325 215 41 187 469 384 424 429 381 73 120 482 96 261 388 357 14 21 216 26 343 431 35 11 52 138 340 76 187 292 324 114 442 190 5 112 120 430 221 305 21 81 395 496 187 254 225 292 193 294 152 284 440 95 9 223 234 410 410 226 162 147 438 156 155 189 61 453 390 84 467 446 233 357 117 498 443 342 330 322 292 39 95 152 41 239 187 70 322 37 216 278 403 94 157 67 234 74 381 427 112 408 91 14 289 301 483 256 276 219 66 260 3 6 74 39 263 498 129 38 388 443 338 155 81 241 278 91 95 222 216 82 69 485 127 431 248 66 193 48 194 114 141 367 230 233 39 223 5 273 403 72 418 121 309 490 117 237 246 305 342 453 373 338 360 11 286 169 186 485 69 261 234 404 427 230 369 273 121 197 157 85 214 449 344 369 222 320 209 56 308 367 427 432 246 248 346 222 195 402 431 124 214 77 356 74 56 129 239 333 3 41 363 180 424 197 121 216 489 379 130 260 464 284 438 81 91 498 51 430 458 284 161 370 408 228 30 21 11 209 129 66 257 128 366 229 156 423 76 421 294 429 368 157 220 98 144 13 190 37 61 485 30 295 31 95 359 85 162 67 399 202 186 261 477 418 325 264 419 205 403 253 305 22 216 390 237 12 469 124 219 75 368 207 423 218 142 89 81 41 273 161 38 82 338 255 434 193 181 144 91 93 11 324 445 322 483 5 70 22 388 41 22 253 225 333 388 161 216 277 187 181 296 189 399 193 52 391 31 207 180 338 215 254 423 330 496 257 377 254 408 467 157 104 235 324 52 382 330 263 224 63 357 477 63 235 106 6 21 326 255 490 253 16 198 434 449 239 228 402 51 85 378 488 73"""

Facility Location Problem 7
10870341.666605556 0
518 110 298 258 96 757 393 697 743 485 778 29 169 188 411 172 34 494 669 559 805 867 741 673 509 41 730 14 444 137 773 842 257 397 976 102 14 552 538 699 714 678 521 15 535 678 817 329 435 204 821 469 295 594 578 117 391 688 930 999 781 407 219 884 599 0 596 580 961 912 48 98 873 317 370 193 431 129 494 87 650 407 521 427 106 501 959 187 607 24 949 653 958 7 959 766 197 192 962 594 403 339 81 73 929 961 962 625 534 837 735 27 971 610 78 499 306 814 379 541 127 707 897 496 511 415 97 954 507 250 497 646 836 822 479 517 956 479 720 235 322 278 361 932 893 780 346 806 611 123 55 661 742 398 705 324 101 978 804 114 844 668 858 437 457 842 77 140 925 885 494 388 567 45 636 199 213 483 489 496 119 275 731 121 763 397 699 641 831 821 832 960 175 139 989 26 300 558 999 963 696 187 98 350 976 710 556 428 367 880 330 780 176 750 875 478 329 214 174 956 449 805 204 874 670 157 216 244 97 54 8 682 325 103 347 83 985 490 881 94 322 661 940 735 306 984 115 538 437 14 713 792 273 827 264 452 259 848 215 136 366 788 805 830 947 236 848 394 289 213 735 240 400 21 991 772 371 772 753 594 154 272 393 124 230 502 60 64 22 364 42 175 809 19 246 749 291 464 233 610 279 54 567 128 163 828 459 757 917 326 514 287 368 295 494 564 972 78 858 693 333 821 791 716 791 850 863 786 203 594 96 913 379 402 437 143 816 192 747 235 544 447 271 501 301 119 970 633 535 56 586 627 369 439 852 160 600 154 723 774 781 265 856 313 875 171 23 338 475 497 95 852 780 325 144 776 982 940 508 104 47 546 41 891 698 316 47 541 575 11 931 58 969 727 886 453 907 113 8 226 279 653 548 612 568 909 233 430 977 212 279 185 218 861 116 933 293 544 967 478 848 14 848 936 351 629 210 56 382 308 950 119 73 148 524 987 770 983 834 829 838 904 114 910 132 491 774 394 183 687 297 39 515 384 293 600 592 19 38 333 36 670 210 713 27 229 108 511 60 955 340 245 574 262 676 669 246 613 837 625 213 817 517 365 877 746 937 548 651 264 356 85 110 232 920 179 252 380 619 618 71 431 936 801 404 406 544 611 576 356 796 14 409 199 209 811 840 652 339 278 62 728 324 475 639 666 340 414 972 128 354 539 88 636 783 136 910 779 883 362 676 287 976 127 552 36 207 778 794 532 584 633 849 253 343 925 628 566 704 304 971 216 446 514 681 525 484 893 566 850 553 774 26 867 332 885 427 796 134 785 652 720 320 233 583 763 438 204 751 611 772 380 598 361 65 229 802 750 286 146 225 230 273 208 338 286 524 23 51 869 363 698 949 614 221 574 653 315 903 621 95 180 321 816 391 615 960 948 734 259 974 926 512 666 914 406 546 124 106 990 977 34 794 695 640 143 329 641 791 953 684 899 175 824 747 648 915 704 30 237 519 570 545 14 746 631 351 221 682 676 360 391 716 132 795 140 668 233 727 770 949 217 2 590 523 486 590 938 316 137 200 830 641 960 384 235 861 567 963 51 817 406 455 855 926 493 804 833 736 887 384 999 107 490 743 248 697 856 200 104 674 410 530 165 608 169 413 972 29 475 364 51 928 775 155 541 367 880 986 480 251 346 657 929 553 476 88 985 381 992 135 130 967 431 783 259 639 533 278 352 947 805 678 735 273 788 521 974 522 125 530 8 207 699 406 612 602 468 160 532 135 314 562 695 329 231 683 394 233 658 532 830 205 988 736 388 590 564 425 996 207 625 840 541 452 858 920 909 241 257 10 101 499 537 518 838 786 596 512 141 843 466 363 30 751 336 971 698 472 537 887 123 506 307 371 268 44 435 24 655 800 681 537 773 435 671 971 162 765 120 195 3 225 396 144 151 114 327 723 167 681 609 902 150 4 881 750 328 493 26 173 237 225 711 863 427 79 7 241 985 376 961 471 281 669 303 307 564 602 548 765 283 94 600 92 529 810 330 575 471 855 926 874 566 3 410 290 567 652 514 972 298 287 890 813 426 926 463 854 822 694 328 395 954 690 350 209 484 442 94 832 668 980 70 391 96 225 78 368 92 392 954 194 601 149 65 228 548 362 880 648 38 418 55 837 293 194 192 339 933 435 89 697 516 570 253 705 505 530 434 641 687 185 361 243 967 426 306 342 687 252 748 655 512 453 750 39 978 138 871 436 373 232 210 477 110 283 351 9 740 929 403 508 731 147 697 822 590 329 874 134 383 225 912 441 133 955 146 628 199 78 368 855 746 118 103 43 150 59 796 887 402 415 965 418 790 456 941 86 602 706 901 367 692 953 165 961 506 137 393 473 142 973 918 979 152 625 937 461 152 627 679 809 740 25 433 51 380 431 110 962 553 936 492 709 859 674 730 895 284 431 628 917 875 458 969 250 506 194 426 388 970 612 875 21 807 548 238 831 85 296 561 606 467 807 176 455 499 817 205 885 911 34 224 599 970 332 85 66 496 196 377 116 576 152 521 995 854 822 858 692 743 803 676 367 873 478 383 792 126 979 941 714 925 26 967 843 995 577 707 869 688 129 545 235 285 734 692 767 977 842 735 92 907 408 374 246 654 534 995 704 334 666 830 46 158 234 957 835 461 766 189 352 74 707 137 721 63 131 655 863 246 425 175 867 350 475 933 558 562 27 648 176 204 918 990 77 541 111 940 810 974 947 427 0 278 301 317 635 73 496 102 229 697 116 293 899 229 442 3 665 175 251 723 948 445 144 886 125 631 62 0 695 183 123 871 738 296 84 157 240 773 336 378 968 940 318 165 146 155 546 599 794 190 821 893 29 409 948 62 354 419 256 701 187 579 264 288 480 923 579 809 333 295 802 799 150 563 251 409 286 99 555 185 576 438 938 501 354 893 397 138 224 268 533 751 499 801 354 161 582 682 490 782 648 886 146 656 368 308 331 765 123 763 556 374 172 805 127 895 185 744 843 300 928 96 525 959 948 980 849 919 50 901 869 195 565 901 535 611 141 965 518 966 879 646 491 449 517 709 770 526 986 261 818 937 956 767 818 859 198 816 843 138 893 153 458 530 501 857 286 757 171 694 953 183 106 470 443 56 217 43 816 875 844 230 215 445 554 343 628 468 450 173 458 621 682 61 295 597 212 596 678 201 849 969 574 916 116 601 223 480 239 999 365 459 302 884 205 128 352 903 416 388 986 484 493 772 251 188 72 204 593 194 374 797 15 809 277 374 384 708 214 31 633 667 807 546 836 16 628 679 823 799 492 279 559 4 251 883 816 832 849 475 804 234 336 478 951 835 485 835 281 81 696 828 835 408 881 681 425 293 622 469 139 177 627 271 488 128"""
