Traveling Salesman Problem 1
428.853 0
0 33 47 26 6 36 12 30 11 42 29 43 21 37 20 25 1 31 22 48 32 17 49 39 50 38 15 14 44 16 18 40 19 7 13 35 23 34 4 8 46 24 41 27 3 45 9 10 28 2 5"""

Traveling Salesman Problem 2
20750.712 0
0 65 86 58 27 31 56 75 10 81 73 95 78 67 98 61 89 2 50 34 76 64 62 28 13 69 91 4 16 96 80 14 29 26 79 17 84 51 3 55 24 71 57 66 74 39 83 7 47 37 77 88 87 20 5 92 54 35 21 32 11 99 44 43 40 25 19 72 70 38 90 8 22 52 18 9 53 42 48 68 41 59 63 85 6 23 49 82 94 30 46 45 36 1 60 33 97 15 93 12"""

Traveling Salesman Problem 5
363359.754 0
0 1732 881 50 1733 1744 1743 485 1742 1741 1160 1740 1739 1022 1216 1702 1730 112 1459 1629 411 741 239 138 999 123 810 789 178 185 567 466 493 435 298 350 803 362 441 208 139 510 797 800 223 122 1207 1206 1205 1333 1332 908 1695 1858 1000 907 1810 1789 1070 906 909 905 910 911 1071 1790 1811 912 1001 1859 1696 1537 1538 945 1204 913 1539 1540 1541 1334 1542 281 822 1373 179 12 1494 823 826 211 432 1808 1003 1608 11 16 1307 1401 1595 14 1517 13 560 180 1214 1213 1212 1211 1210 1209 1208 237 943 867 759 422 268 774 821 276 584 294 825 754 811 248 210 468 269 772 562 559 301 564 689 455 675 431 140 378 277 452 680 154 639 645 305 311 312 617 685 363 634 637 470 187 220 717 610 226 279 473 161 447 320 475 195 531 273 253 214 970 1050 1308 1309 1310 1311 213 1312 1313 1314 1315 1316 1317 1274 1273 1272 1271 1270 1269 1268 1267 1266 194 1265 1264 1263 1262 1049 969 196 1261 476 1654 254 252 721 783 1590 1726 1651 20 90 705 1601 1877 1777 1831 1048 968 1260 1815 1122 720 719 61 45 1635 1620 1697 364 89 1830 1233 782 1536 704 1259 1511 1644  1047 1645 162 407 967 318 1046 386 419 966 965 964 963 962 126 159 446 251 160 1535 225 609 1232 1829 92 1699 60 87 1634 1619 1072 1525 44 1002 1607 10 15 1306 1400 106 853 863 383 280 757 817 848 838 780 428 699 786 842 852 746 829 857 778 756 204 814 636 805 792 651 116 1203 1825 1604 949 118 1694 1693 207 998 807 403 153 1692 1328 1329 1330 1331 1202 137 440 206 796 361 509 222 349 799 802 434 125 297 566 788 492 809 465 177 184 64 1298 104 102 115 1804 111 105 1543 1372 236 1807 1806 1805 1803 114 101 1297 1296 777 113 851 698 816 382 1492 864 110 1371 1395 1396 245 1397 246 1398 275 1515  1399 585 820 819 1493 716 91 1516 33 1305 1118 17 18 1495 1496 688 377 451 1013 1621 1636 954 1625 1078 53 1613 76 75 1738 1499 65 9 1498 1737 96 97 1612 83 1012 1077 1633 1624 1531 59 953 659 630 769 313 730 961 960 959 958 608 186 469 1698 684 1614 1609 1004 1005 1006 1007 1526 1527 1528 955 956 957 94 1828 1231 1324 1337 1534 1121 729 1814 1258 1427 1510 1125 1797 1833 519 1796 1124 1509 1426 1257 1813 761 1120 219 1533 1336 42 1230 1827 93 952 58 1530 1623 1632 1076 1011 679 77 78 1611 1010 1075 1631 1622 1529 57 951 79 1826 1229 41 1335 1532 664 1119 748 1812 1256 1425 1508 1123 1795 749  1762 750 1054 666 665 478 1832 1763 762 1650 1597 1879 1403 1887 1725 1594 1643 1055 1764 1673 47 1056 1637 1638 1639 1640 1641 1598 314 731 393 1653  770 631 660 1404 1405 1406 1407 1408 1409 1410 1411 1412 1413 1414 307 1521 1522 1318 1358 1357 1356 1355 1354 1353 1352 1351 1350 1349 1840 1225 1874 1781 1727 1288 1555 1556 1557 1224 1558 1559 1560 1561 1562 1563 1564 1565 1566 1567 1568 1569 1570 1486 287 1571 1572 1573 1574 1575 1456 1576 1577  288 1363 1578 289 1579 1580 1581 1582 1583 1584 1064 290 1585 151 521 1868 601 39 1199 599 713 696 1722 714 600 712 1251 1198 1869 975 980 937 331 930 1659 987 1853 931 702 739 459 623 391 552 514 134 693 932 506 131 588 324 353 347 332 1662 121 88 938 994 1863 703 740 460 1775 1817 1816 550 690 933 507 589 326 132 351 926 345 497 532 329 982 1674 325 692 1854 988 1660 120 981 1845 321 379 490 488 898 128 522 944 928 736 537 725 843 578 172 192 596 727 202 710 371 694 845 619 231 500 147 539 528 615 858 218 291 594 149 767 574 1837 1683 1791 668 535 1876 1365 534 667 1875 1671 1484 1455 1454 1453 1452 1451 1450 1449 1448 1447 1446 1445 1444 1443 1442 1441 1440 1439 1438 409 1793 1289 1428 1429 1430 1431 1432 1433 1434 1435 1436 1437 549 875 518 891 625 878 618 884 501 656 874 640 889 603 555 570 941 425 543 266 917 718 936 682 257 900 604 261 517 342 652 641 590 894 646 232 527 583 871 580 632 765 536 708 869 404 861 357 484 627 359 406 1682 356 1681 1364 355 1680 1670 1457 1679 1678 1677 775 575 495 463 86 85 1487 5 40 66 74 1851 46  84 49 1865 1888 1735 1836 1776 1844 681 486 1223 1222 1221 1220 1219 1218 1157 1156 1155 1154 1153 1018 1152 1151 1150 1149 1148 1147 1146 1145 1144 1143 1142 1141 1140 1139 1138 1137 1136 1135 1134 1133 1132 1131 1130 1129 1128 228 1090 1091 157 1092 400 286 1093 1094 1095 1096 1097 1098 1099 1547  1504 1548 1422 1549 1550 1505 1551 1518 1552 1553 1554 1158 1254 1359 1017 1114 1113 1112 1111 1110 1109 1108 1107 1106 1105 1104 1103 1102 1101 1100  1348 1347 1346 1345 1344 1343 1342 1341 1340 1339 1338 229 418 417 413 414 1052 397 396 1089 1088 1087 285 399 156 1085 1084 1083 1082 1081 950 1080 1079 1074 1009 1610 1780 1779 1736 1497 673 453 1117 1514 109 868 1491 1490 557 7 1513 1116 1304 8 972 973 974 1073 1008 971 1303 1115 1512 1546 284 1489 1545 1544 282 840 839 103 790 1200 1294 71 649 946 295 117 1325 1690 1856 995 1299 1787 62 1374 1065 433 801 798 348 221 360 795 508 136 205 439 402 491 806 635 152 238 410 742 1066 63 1300 996 1857 1691 1326 98 99 1809 947 1226 1227 1384 1383 1382 1381 997 1301 1302 1788 240 1376 1069 1068 1375  241 1067 1377 1378 1379 1380 1327 948 1228 1201 1295 743 745 100 856 1385 1386 1387 1388 242 1389 1390 1391 1392 243 1393 1394 247 841 804 203 855 176 787 124 464 296 183 565 808 650 813 755 942 791 850 776 744 785 697 779 830 837 815 715 818 381 849 429 244 235 283 758 866 854 421 267 773 865 274 563 158 586 293 824 753 616 644 209 467 658 771 561 728 638 558 270 687 454 674 430 376 663 812 781 302 450 629 678 768 760 141 155 310 306 747 224 227 416 412 395 1086 1126 163 1127 164 1053 1649 1596 1878 1402 1886 1724 1593 1642 1778 1663 1423 1606 1519 1626 1506 80 1424 1503 1500 1618 1664 1421 545 1760 1507 1627 1520 1523 1462 1461 1415 1628 1667 1458 375 1215 1019 1255 1159 1290 1463 1464 1465 1466 1467 1468 1469 1470 1471 1748 1752 1753 1754 1755 1756 1757 1488 1758 1759 655 262 1864 642 526 1870 54 1792 1684 1838 55 56 1057 529 1723 976 1293 1195 1361 1848 1045 1323 593 483 764 581 872  895 591 643 653 343 516 1483 260 1482 1481 1480 1479 1478 1477 1476 1475 1474 1473 1472 657 602 340 339 366 367 265 1485 264 423 424 1798 935 1668 1669 890 1672 676 341 914 902 903 915 30 1871 1366 72 73 1685 52 24 1058 36 1319 43 1849 1362 1196 1292 95 977 983 986 989 990 135 457 621 515 737 700 939 392 993 1774 1772 1 991 1855 505 984 1852 1655 978 1588 1587 1197 1850 1040 1320 37 1059 25 1686 28 81 1060 38 1321 499 1586 1041 233 23 82 1687 107 29 1367 67 1872 31 918 426 1800 1799 1703 1708 1709 1710 368 1711 1712 1713 1714 1715 1368 369 1716 1061 1322 1360 1721 1720 1042 1719 1718 1717 1688 70 69 896 68 1873 32 647 1369 34 1801 1841 1860 1704 613 1802 35 605 582 525 234 579 919 763 709 405 654 358 677 482 904 916 669 573 766 901 150 592  217 614 897 873 648 146 498 230 496 870 862 633 370 695 711 189 597 859 846 576 173 899 940 701 738 622 458 390 551 133 691 934 327 587 130 352 927 346 330 533 292 322 380 530 494 556 129 733 925 513 504 489 487 628 523 929 540 538 844 735 201 726 620 724 175 1194 1193 1192 1043 1191 1062 1190 1189  1188 1187 1186 170 1185 169 1184 1183 1182 1181 171 168 1179 1862 1706 1823 1822 1821 1820 1819 462 461 1016 1028 1027 1026 1025 1024 145 1015 389 1014 1731 1771 1460 1630 1770 1676 1419 1769 1665 1615 1420 1666 1502 1768 1652 1592 1603 1767 1766 1765 388 1051 212 127 317 315 420 520 479 408 387 148 344 471 1602 836 1591 373 319 323 794 568 472 271 333 304 336 337 686 474 299 334 250 328 338 303 335 707 595 544 394 734 272 477 456 249 354 723 445 662 309 503 449 438 259 924 732 606 374 401 427 365 524 607 752 481 256 182 216 193 142 263 415 1786 1785 1761 108 1524 1818 1029 1030 1031 1032 1033 1034 143 1035 831 1747 834 119 835 832 1880 833 569 542 144 1036 1037 1038 1039 1883 1707 1847 1180 1234 1235 1236 1237 1238 188 1239 920 1370 1884 571 572 442 1689 671 443 670 672 190 827 48 1773 2 992 828 1661 985 979 1843 174 577 847 860 598 1250 191 1249 1248 1044 1247 1063 1246 1245 1244 1243  1242 1241 1240 683 278 1846 512 1751 511 1746 624 626 922 51 921 1168 1167 1166 1165 1164 1163 1162 1161 1287 1286 1285 1023 1217 1284 1283 1282 1281  1280 1279 1278 1277 1276 1275 1675 1418 722 1417 784 706 1605 300 1658 1501 1657 1656 1648 1647 1589 316 1600 1646 541 1599 547 372 19 1617 1616 436 1728 1700 1020 793 1253 1252 1021 181 255 215 480 751 1701 1729 1416 384 444 661 308 502 448 437 258 923 1291 1885 1839 1835 1784 1734 1745 1867 611 612 199 198 197 165 1169 1170 166 1171 167 1172 1173 1174 1175 1176 1177 1178 200 1842 1861 1705 1824 27 1882 22 880 1750 879 892 893 886 885 882 883 876 887 888 6 26 1881 21 877 554 4 553 1749 3 1866 1783 1834 1794 548 546 385 398 1782"""
